11
H287
2
9001 X 13 6 2020
2
BA2 200000 200 5
TK52 10000 200 10
1231 N 18 6 2020
1
BA2 100000 100 10
N334
1
5551 X 22 6 2020
1
BA2 1000 10 0
898
2
0000 X 18 6 2020
3
BA2 2 123 3
GD5 2 22 2
CT8 1 2 11
123123123 X 18 6 2020
2
BA2 1 1 1
GD5 35 5 33
K2871
1
1232 X 18 6 2020
2
BA2 10 18 10
A0 100000 10 10
306
1
9 X 21 7 2019
4
8187KI9 330 7 3
GD5 105 15 3
A0 33 112 4
G812 34 32 1
N899
1
123 X 18 2 2020
1
A0 3 123 2
M4
3
1234 X 18 6 2020
2
BA2 100000 10 10
12N1 20 20 20
9004 X 18 1 2020
2
A0 10000 100 10
12N1 2000 20 10
666 X 21 1 2020
3
GK2 30 90 2
DHU87 3 21 3
CT8 8 8 3
K2891
1
90001 X 18 6 2020
1
BA2 10 16 10
882D
2
6897 N 20 2 2020
2
BA2 3 3 2
23A 3 10 5
553 N 21 6 2020
1
BA2 5 4 3
N220
1
12222 N 21 6 2020
1
BA2 3 7 2
N111
1
555 X 20 8 2019
3
G812 30 19 2
R7II 35 100 5
TK52 2 43 3
